camera_id 0
resolution 1920 1080
K_matrix 1645.01 545.694 960.0 540.0
R_matrix 0.8441968010501307 -0.3117965471600234 -0.43602141492799795 0.30980861681345967 0.9476106008634148 -0.07779955063757861 0.4374361462486348 -0.06940505968850909 0.8965670948929464
world_position -5.81863260730194 0.6796601446523112 0.8597818071544814
camera_id 1
resolution 1920 1080
K_matrix 1637.07 545.821 960.0 540.0
R_matrix 0.8924495069932906 -0.2635908051078036 -0.36613353428776824 0.26228389631947463 0.9634612979790058 -0.05430916154834547 0.3670708857957922 -0.047562745497175936 0.9289761837861417
world_position -4.873688539681463 0.35441878092288254 0.40003856516054803
camera_id 2
resolution 1920 1080
K_matrix 1643.57 554.089 960.0 540.0
R_matrix 0.9315131747389396 -0.21354244895701496 -0.2944194758863993 0.2142076235172215 0.9763152751199525 -0.03039041945342749 0.293935876195618 -0.034757820140101224 0.9551929619842382
world_position -3.835683674991503 0.1934438917880844 0.11321139719370321
camera_id 3
resolution 1920 1080
K_matrix 1630.41 548.818 960.0 540.0
R_matrix 0.964528521832469 -0.15719108165139778 -0.21207473781885422 0.1571875558496046 0.9874226910309319 -0.016985332591971294 0.21207735111911313 -0.016952671957424472 0.9771058305300425
world_position -2.7716862585993334 -0.08877641282161775 -0.32995721392045974
camera_id 4
resolution 1920 1080
K_matrix 1637.37 553.836 960.0 540.0
R_matrix 0.9906996412396871 -0.0842093078711384 -0.10687849790963132 0.08450412601511806 0.9964215475024867 -0.0017754884315714804 0.10664555093381196 -0.007272698303478936 0.994270503598196
world_position -1.3210768330395979 -0.21156836654929362 -0.6041843784373524
camera_id 5
resolution 1920 1080
K_matrix 1637.26 552.983 960.0 540.0
R_matrix 0.999722850774842 -0.01923439447963012 -0.013574229540747041 0.01924947575351246 0.9998142301784037 0.0009812318690771702 0.013552834457701134 -0.001242256723842178 0.999907384449377
world_position -0.03287650938727799 -0.3030280981197966 -0.6423963646961642
camera_id 6
resolution 1920 1080
K_matrix 1639.8 552.259 960.0 540.0
R_matrix 0.9954397715169602 0.048007324419905774 0.08243153573908664 -0.047806341084708 0.9988468821000539 -0.004411334389256642 -0.08254825882085558 0.00045046758284746774 0.9965869666238878
world_position 1.292191697069988 -0.31445773027823976 -0.5606195856876943
camera_id 7
resolution 1920 1080
K_matrix 1640.77 550.131 960.0 540.0
R_matrix 0.9773348753454726 0.11430320702383585 0.17818899600569002 -0.11291015753521587 0.993442628903262 -0.017973296947097386 -0.17907495011537047 -0.0025534176787058264 0.9838321209938897
world_position 2.598577165628068 -0.23506414863911157 -0.3261228555160894
camera_id 8
resolution 1920 1080
K_matrix 1638.63 545.541 960.0 540.0
R_matrix 0.9429156652611279 0.18307309743982153 0.27819829115031247 -0.17867346064721568 0.983040545305467 -0.04131683368649913 -0.2810442005548456 -0.010748361703979283 0.9596346336263443
world_position 3.9475446991373544 -0.09844190791988837 0.0881756992978342
camera_id 9
resolution 1920 1080
K_matrix 1649.61 550.285 960.0 540.0
R_matrix 0.9045449357554017 0.23639401560487197 0.35484690865986057 -0.23124582746981134 0.9711932932522218 -0.05752351188606108 -0.358223151788181 -0.030024265654751837 0.9331531047983683
world_position 4.996698186845947 0.21195271860836765 0.35966948620774297
camera_id 10
resolution 1920 1080
K_matrix 1643.7 528.179 960.0 540.0
R_matrix 0.8488404430592071 0.29729797850288053 0.4371313466283899 -0.27878003846596755 0.9542988004559474 -0.10768235510636598 -0.4491676662227174 -0.030458355609596165 0.8929281584727837
world_position 6.088233279587938 0.17706889118791103 1.3330756226828913
camera_id 11
resolution 1920 1080
K_matrix 1634.58 525.529 960.0 540.0
R_matrix 0.783273113680266 0.34993417106784747 0.5138378200411875 -0.32498832854782217 0.9350854206629138 -0.14141372766232677 -0.529967749672859 -0.056225723496638326 0.8461517903567691
world_position 7.07372334623464 0.5603700048302818 1.9803331643997497
