Vcam_krt_R_0	=	0.772845688756642
Vcam_krt_R_1	=	0.360497830331369
Vcam_krt_R_2	=	-0.522255546353169
Vcam_krt_R_3	=	-0.349010979859543
Vcam_krt_R_4	=	0.928792345784446
Vcam_krt_R_5	=	0.124643950313313
Vcam_krt_R_6	=	0.530000827648178
Vcam_krt_R_7	=	0.085942380340559
Vcam_krt_R_8	=	0.843630861190868

Vcam_krt_WorldPosition_0	=	-0.260576385482162
Vcam_krt_WorldPosition_1	=	7.542323639107032
Vcam_krt_WorldPosition_2	=	-8.186143815639221
