Vcam_krt_R_0	=	-0.059637480067933
Vcam_krt_R_1	=	0.694040580419331
Vcam_krt_R_2	=	0.717461527680994
Vcam_krt_R_3	=	0.311194155347344
Vcam_krt_R_4	=	-0.669995431037140
Vcam_krt_R_5	=	0.673991335305589
Vcam_krt_R_6	=	0.948473283044283
Vcam_krt_R_7	=	0.263464978926149
Vcam_krt_R_8	=	-0.176024533036290

Vcam_krt_WorldPosition_0	=	-22.158158756508804
Vcam_krt_WorldPosition_1	=	11.188478849337608
Vcam_krt_WorldPosition_2	=	23.524461563343120
