Vcam_krt_R_0	=	0.884186929626178
Vcam_krt_R_1	=	0.290659430360176
Vcam_krt_R_2	=	-0.365691904505597
Vcam_krt_R_3	=	-0.281572406093821
Vcam_krt_R_4	=	0.956261103491976
Vcam_krt_R_5	=	0.079257063248927
Vcam_krt_R_6	=	0.372733756996558
Vcam_krt_R_7	=	0.032890690035416
Vcam_krt_R_8	=	0.927355244177885

Vcam_krt_WorldPosition_0	=	12.880501987310991
Vcam_krt_WorldPosition_1	=	13.353182854540457
Vcam_krt_WorldPosition_2	=	-16.228034300808385
