0.844196801050131, -0.311796547160023, -0.436021414927998, 0.309808616813460, 0.947610600863415, -0.077799550637579, 0.437436146248635, -0.069405059688509, 0.896567094892946
0.892449506993291, -0.263590805107804, -0.366133534287768, 0.262283896319475, 0.963461297979006, -0.054309161548345, 0.367070885795792, -0.047562745497176, 0.928976183786142
0.931513174738940, -0.213542448957015, -0.294419475886399, 0.214207623517222, 0.976315275119953, -0.030390419453427, 0.293935876195618, -0.034757820140101, 0.955192961984238
0.964528521832469, -0.157191081651398, -0.212074737818854, 0.157187555849605, 0.987422691030932, -0.016985332591971, 0.212077351119113, -0.016952671957424, 0.977105830530043
0.990699641239687, -0.084209307871138, -0.106878497909631, 0.084504126015118, 0.996421547502487, -0.001775488431571, 0.106645550933812, -0.007272698303479, 0.994270503598196
0.999722850774842, -0.019234394479630, -0.013574229540747, 0.019249475753512, 0.999814230178404, 0.000981231869077, 0.013552834457701, -0.001242256723842, 0.999907384449377
0.995439771516960, 0.048007324419906, 0.082431535739087, -0.047806341084708, 0.998846882100054, -0.004411334389257, -0.082548258820856, 0.000450467582847, 0.996586966623888
0.977334875345473, 0.114303207023836, 0.178188996005690, -0.112910157535216, 0.993442628903262, -0.017973296947097, -0.179074950115370, -0.002553417678706, 0.983832120993890
0.942915665261128, 0.183073097439822, 0.278198291150312, -0.178673460647216, 0.983040545305467, -0.041316833686499, -0.281044200554846, -0.010748361703979, 0.959634633626344
0.904544935755402, 0.236394015604872, 0.354846908659861, -0.231245827469811, 0.971193293252222, -0.057523511886061, -0.358223151788181, -0.030024265654752, 0.933153104798368
0.848840443059207, 0.297297978502881, 0.437131346628390, -0.278780038465968, 0.954298800455947, -0.107682355106366, -0.449167666222717, -0.030458355609596, 0.892928158472784
0.783273113680266, 0.349934171067847, 0.513837820041187, -0.324988328547822, 0.935085420662914, -0.141413727662327, -0.529967749672859, -0.056225723496638, 0.846151790356769
