-0.399752, 0.547785, -0.734935, -0.510464, 0.532908, 0.674859, 0.761330, 0.644935, 0.066594 
-0.331386, 0.540735, -0.773169, -0.534057, 0.568051, 0.626181, 0.777797, 0.620423, 0.100539 
-0.272183, 0.548599, -0.790542, -0.551032, 0.584650, 0.595440, 0.788848, 0.597682, 0.143164 
-0.184657, 0.521078, -0.833295, -0.561730, 0.639776, 0.524545, 0.806451, 0.564947, 0.174565 
-0.132901, 0.546168, -0.827066, -0.577717, 0.635361, 0.512406, 0.805346, 0.545909, 0.231090 
-0.049054, 0.521836, -0.851635, -0.576131, 0.681728, 0.450911, 0.815885, 0.512772, 0.267204 
0.012497, 0.550657, -0.834638, -0.572804, 0.688116, 0.445412, 0.819598, 0.472518, 0.324018 
0.069484, 0.557831, -0.827040, -0.582038, 0.695978, 0.420531, 0.810186, 0.452149, 0.373039 
0.148872, 0.551372, -0.820870, -0.580101, 0.720968, 0.379062, 0.800825, 0.419755, 0.427183 
0.235634, 0.551261, -0.800367, -0.579865, 0.740646, 0.339411, 0.779892, 0.384128, 0.494179 
0.306823, 0.519420, -0.797535, -0.545443, 0.782659, 0.299892, 0.779968, 0.342997, 0.523452 
0.377797, 0.520851, -0.765495, -0.530189, 0.799496, 0.282321, 0.759058, 0.299198, 0.578197 
0.440358, 0.493728, -0.749879, -0.505068, 0.826757, 0.247750, 0.742288, 0.269641, 0.613435 
0.501158, 0.496328, -0.708871, -0.488492, 0.838429, 0.241686, 0.714293, 0.225155, 0.662638 
0.588642, 0.412248, -0.695380, -0.421108, 0.890642, 0.171536, 0.690050, 0.191857, 0.697870 
0.639773, 0.416320, -0.646040, -0.416475, 0.894262, 0.163844, 0.645940, 0.164236, 0.745512 
0.721601, 0.402841, -0.563038, -0.390385, 0.908412, 0.149623, 0.571744, 0.111834, 0.812774 
0.713405, 0.419669, -0.561187, -0.404552, 0.900556, 0.159173, 0.572180, 0.113475, 0.812240 
0.802171, 0.313584, -0.508120, -0.308288, 0.946303, 0.097311, 0.511351, 0.078587, 0.855771 
0.836541, 0.320652, -0.444275, -0.308355, 0.945787, 0.102003, 0.452897, 0.051665, 0.890064 
0.871851, 0.321603, -0.369387, -0.308337, 0.946399, 0.096214, 0.380530, 0.030011, 0.924281 
0.911796, 0.258461, -0.319101, -0.250684, 0.965818, 0.065977, 0.325246, 0.019836, 0.945421 
0.941576, 0.211021, -0.262498, -0.206266, 0.977420, 0.045874, 0.266252, 0.010951, 0.963841 
0.960252, 0.197084, -0.197674, -0.195891, 0.980287, 0.025771, 0.198856, 0.013976, 0.979929 
0.982656, 0.113575, -0.146586, -0.113117, 0.993515, 0.011487, 0.146940, 0.005294, 0.989131 
0.991378, 0.109940, -0.071292, -0.109856, 0.993934, 0.005105, 0.071421, 0.002771, 0.997442 
0.994554, 0.104108, 0.004908, -0.104133, 0.994551, 0.005018, -0.004359, -0.005502, 0.999975 
0.999385, 0.000392, 0.035053, -0.000523, 0.999993, 0.003731, -0.035051, -0.003747, 0.999379 
0.995069, -0.016079, 0.097875, 0.015700, 0.999866, 0.004643, -0.097937, -0.003084, 0.995188 
0.986402, -0.119124, 0.113227, 0.117417, 0.992847, 0.021652, -0.114997, -0.008062, 0.993333 
